0.688
0.3112
0.2534
0.702
0.1366
0.0526
0.295
0.3087
0.4166666667
0
10
0
0
0
0
0
1
0
1
0
0
1
0
0
1
0
0
0
1
0
0
0
0
0
0
0
0
0
0
0
0
0
0
0
0
0
0
0
0.1
0.1
0.1
0
0.1
0.8
0.7
0
0
0
0
0
1
0
0
0
0.5
0.5
0.5
0.5
3
2500
7911
10000
0.8638965178
0.2353138811
-0.0992103989
0
0.022215365
0.7840287129
0.016882144
0
-0.0071052877
-0.0501044785
0.2411621491
0
1
0
0
0
0
1
0
0
0
0
1
0
0.8698027945
-0.0247725996
0.0197217469
0
-0.0024299383
0.8782319671
-0.0038012476
0
0.0011960723
0.0100102009
0.9887937268
0
0
0
0
0
2.4
0
0
0
1
420
200
1400
0.125
1.5
0.33333
1
0
1
2
0
0
1
0
0
0.521552
0.626802
0.814383
1.072043
1.388241
1.758344
2.178423
2.650552
3.165132
3.722928
4.32517
4.965965
5.646761
6.368038
7.126647
7.930026
8.771444
9.639808
10.544127
11.489882
12.453526
13.453399
14.484306
15.54608
16.631869
17.741551
18.87676
20.041488
21.242805
22.45027
23.696766
24.947101
26.226005
27.529516
28.875355
30.213298
31.583553
32.953318
34.377992
35.788371
37.208857
38.676555
40.145216
41.658421
43.15805
44.694979
46.195328
47.800815
49.351693
50.918414
52.494889
54.203746
55.787755
57.346351
59.050812
60.731781
62.356157
64.197696
65.984809
67.631567
68.939704
70.440603
72.731205
-0
0
2.4
0
1
0
0.2
1
0.2
1
0.2
0.2
0.3
2
1
2
3
2
0.4
1
0.6
0
0.64
0.33
0.3
0.6
0.15
0.06
0.3061
0.3124
0.4545454545
0
4
2.5
5
2.5
10
2
0.05
1.05
-0.2
1.55
0
1.5
0.1
0.1
90
265
0.35
0.143
-30
14
2
2
-0.5
1.5
0
0
0
0
0
0
0
0
0
0
0
0
0
0
0
0
0
0
0
0
0
0
0
0
0
0
0
0
0
0
0
0
0
0
0
0
0
0
0
0
0
0
0
0
0
0
0
0
1
1
1
1
1
1
0
0
0
0
0
0
0
0
0
0
0
0
0
0
0
0
0
0
0
0
0
0
0
0
0
0
0
0
0
0
0
0
0
0
0
0
0
0
0
0
0
0
0
0
0
0
0
0
0
0
0
0
0
0
0
0
0
0
0
0
0
0
0
0
0
0
0
0
0
0
0
0
0
0
0
0
0
0
0
0
1
1
1
1
1
1
0
1
1
0
0
0
0
0
0
0
125
10000
1
1
1
0
0
2
0
2
71
81
171
176
241
281
5
0.8
0.1
0.5
0.6
0.5
0.6
1
0
12
123
0
0.8
0.1
0.5
0.6
0.5
0.6
1
0
12
123
0
0.8
0.1
0.5
0.6
0.5
0.6
1
0
12
123
0
0.8
0.1
0.5
0.6
0.5
0.6
1
0
12
123
0
0.8
0.1
0.5
0.6
0.5
0.6
1
0
12
123
0
0.8
0.1
0.5
0.6
0.5
0.6
1
0
12
123
0
0.8
0.1
0.5
0.6
0.5
0.6
1
0
12
123
0
0.5
0
50
50
50
50
120
0.05
10
0
50
60
50
60
120
0.05
10
0
50
50
50
50
120
0.05
10
0
50
50
50
50
120
0.05
10
0
50
50
50
50
120
0.05
10
0
50
50
50
50
120
0.05
10
0
50
50
50
50
120
0.05
10
0.5
0
0
12
123
0
-5
0
12
123
0
0
0
12
123
0
0
0
12
123
0
0
0
12
123
0
0
0
12
123
0
0
0
12
123
0
0.3
-10
0.7
0.12
0.96
120
30
40
1
0.7
0.12
0.96
330
3
20
2.2
2.2
