0.683
0.315
0.248628
0.716505
0.14
0.054
0.2991
0.3150
0.4348
0
10
0
0
0
0
0
1
0
0
1
1
0
0
0
1
0
0
0
1
0
0
0
0
0
0
0
0
0
0
0
0
0
0
0
0
0
0
0
0.1
0.1
0.1
0
0.1
0.8
0.7
0
0
0
0
0
1
0
0
0
0.5
0.5
0.5
0.5
3
2500
7028
10000
0.87051471
0.22589510
-0.0964098
0.00000000
0.02133767
0.79384107
0.01646176
0.00000000
-0.0068774
-0.0486964
0.26596502
0.00000000
1.00000000
0.00000000
0.00000000
0.00000000
0.00000000
1.00000000
0.00000000
0.00000000
0.00000000
0.00000000
1.00000000
0.00000000
0.78968701
-0.0329748
0.03210892
0.00000000
-0.0032921
0.80092042
-0.0063377
0.00000000
0.00187498
0.01631432
0.98181070
0.00000000
0
0
0
0
2.4
0
0
0
1
420
200
1400
0.125
1.5
0.33333
1
0
0
0
0
0
1
0
0.000000
0.003000
0.007000
0.144767
0.250849
0.349680
0.384101
0.364562
0.178283
-0.777290
-1.543962
-2.746175
-4.458310
-6.343268
-8.155397
-10.694402
-13.237840
-15.438921
-17.692666
-19.395853
-22.444220
-23.834486
-25.616634
-26.913448
-28.080916
-28.335810
-29.306002
-28.734963
-28.022876
-25.792627
-24.434436
-22.376103
-19.087281
-16.530072
-11.589477
-6.556080
-0.780044
4.081359
11.489684
19.161113
27.675654
34.765009
42.684325
52.475338
58.291835
68.326696
77.891639
88.595616
96.845695
105.695655
114.229635
122.738808
127.189225
131.363374
134.331181
138.031046
142.231135
146.256101
148.701233
139.016544
127.759765
138.415893
88.313103
-1.976597
-1176.470588
0
2.4
0
1
0
0.2
1
0.2
1
0.2
0.2
0.3
2
1
2
3
2
0.4
1
0.6
1
0.640000000000000
0.330000000000000
0.300000000000000
0.600000000000000
0.150000000000000
0.060000000000000
0.3061
0.3124
0.4545454545
0
4
2.5
5
2.5
10
2
0.05
1.05
-0.2
1.55
0
1.5
0.1
0.1
90
265
0.35
0.143
-30
14
2
2
-0.5
1.5
0.5
0.6
0
0
0
0
0
0
0
0
0
0
0
0
0
0
0
0
0
0
0
0
0
0
0
0
0
0
0
0
0
0
0
0
0
0
0
0
0
0
0
0
0
0
0
0
0
0
0
1
1
1
1
1
0
0
0
0
0
0
0
0
0
0
0
0
0
0
0
0
0
0
0
0
0
0
0
0
0
0
0
0
0
0
0
0
0
0
0
0
0
0
0
0
0
0
0
0
0
0
0
0
0
0
0
0
0
0
0
0
0
0
0
0
0
0
0
0
0
0
0
0
0
0
0
0
0
0
0
0
0
0
0
0
0
0
0
0
0
0
0
0
0
0
0
0
0
0
0
1
125
10000
1
1
1
0
0
2
0
2
65
100
155
180
225
300
350
1
0.2
0.5
0.62
0.5
0.62
0.7
5
20
100
5
1
0.1
0.5
0.56
0.5
0.56
1
0
12
123
0
1
0.2
0.5
0.5
0.5
0.5
1
0
12
80
0
1
0.1
0.5
0.5
0.5
0.5
1
0
12
80
0
1
0.1
0.5
0.65
0.5
0.65
1
0
12
123
0
1
0.03
0.5
0.56
0.5
0.56
1
0
12
123
0
1
0.1
0.5
0.55
0.5
0.55
1
5
20
100
5
0.5
2
50
50
50
50
120
0.1
2
2
55
70
60
70
90
0.02
1
5
50
52
50
52
100
0.1
2
0
60
65
60
65
120
0.05
2
0
50
60
50
60
120
0.05
5
0
50
55
50
55
100
0.2
2
0
50
54
50
54
120
0.05
5
0.1
0
0
12
123
0
-2
0
12
123
0
0
0
12
123
0
0
0
12
123
0
0
0
12
123
0
0
0
12
123
0
0
0
12
123
0
0.3
-10
0.1
0.008
0.3
140
40
40
1
0.7
0.12
0.96
330
3
20
2.2
2.2
