0.683
0.315
0.265
0.69
0.14
0.054
0.2991
0.3150
0.4167
0
10
0
0
0
0
0
1
0
0
1
1
0
0
0
1
0
0
0
1
0
0
0
0
0
0
0
0
0
0
0
0
0
0
0
0
0
0
0
0.1
0.1
0.1
0
0.1
0.8
0.7
0
0
0
0
0
1
0
0
0
0.5
0.5
0.5
0.5
3
2500
7028
10000
0.87051471
0.22589510
-0.0964098
0.00000000
0.02133767
0.79384107
0.01646176
0.00000000
-0.0068774
-0.0486964
0.26596502
0.00000000
1.00000000
0.00000000
0.00000000
0.00000000
0.00000000
1.00000000
0.00000000
0.00000000
0.00000000
0.00000000
1.00000000
0.00000000
0.78968701
-0.0329748
0.03210892
0.00000000
-0.0032921
0.80092042
-0.0063377
0.00000000
0.00187498
0.01631432
0.98181070
0.00000000
0
0
0
0
2.4
0
0
0
1
420
200
1400
0.125
1.5
0.33333
1
0
0
0
0
0
1
0
0.000000
1.863669
1.586224
1.578626
1.645481
1.701440
1.723427
1.676023
1.614420
1.395837
1.128757
0.759144
0.271448
-0.174303
-0.558532
-0.992173
-1.408775
-1.872244
-2.303213
-2.692109
-3.117447
-3.481003
-3.774347
-4.086474
-4.197893
-4.072889
-3.674972
-2.835847
-0.678168
4.854258
8.258139
11.061388
13.461804
15.739725
17.675339
19.601115
21.469653
23.292568
25.028396
26.699123
28.228760
29.609117
31.124360
32.450990
33.908420
35.123193
36.455387
37.469078
38.637908
39.392296
40.193883
41.050194
42.072778
42.430857
42.018268
42.317708
41.614879
40.512418
39.012162
35.095215
28.835507
17.989309
-19.376240
-291.393649
0.000000
0
2.4
0
1
0
0.2
1
0.2
1
0.2
0.2
0.3
2
1
2
3
2
0.4
1
0.6
1
0.640000000000000
0.330000000000000
0.300000000000000
0.600000000000000
0.150000000000000
0.060000000000000
0.3061
0.3124
0.4545454545
0
4
2.5
5
2.5
10
2
0.05
1.05
-0.2
1.55
0
1.5
0.1
0.1
90
265
0.35
0.143
-30
14
2
2
-0.5
1.5
0.5
0.4
0
0
0
0
0
0
0
0
0
0
0
0
0
0
0
0
0
0
0
0
0
0
0
0
0
0
0
0
0
0
0
0
0
0
0
0
0
0
0
0
0
0
0
0
0
0
0
1
1
1
1
1
0
0
0
0
0
0
0
0
0
0
0
0
0
0
0
0
0
0
0
0
0
0
0
0
0
0
0
0
0
0
0
0
0
0
0
0
0
0
0
0
0
0
0
0
0
0
0
0
0
0
0
0
0
0
0
0
0
0
0
0
0
0
0
0
0
0
0
0
0
0
0
0
0
0
0
0
0
0
0
0
0
0
0
0
0
0
0
0
0
0
0
0
0
0
0
1
125
10000
1
1
1
0
0
2
0
2
65
100
155
180
225
300
350
1
0.2
0.5
0.62
0.5
0.62
0.7
5
20
100
5
1
0.1
0.5
0.5
0.5
0.5
1
0
12
123
0
1
0.2
0.5
0.56
0.5
0.56
1
0
12
80
0
1
0.1
0.5
0.56
0.5
0.56
1
0
12
80
0
1
0.1
0.5
0.65
0.5
0.65
1
0
12
123
0
1
0.03
0.5
0.6
0.5
0.6
1
0
12
123
0
1
0.1
0.5
0.55
0.5
0.55
1
5
20
100
5
0.5
2
50
50
50
50
120
0.1
2
2
55
70
60
70
90
0.02
1
5
50
52
50
52
100
0.1
2
0
60
65
60
65
120
0.05
2
0
50
60
50
60
120
0.05
5
0
50
55
50
55
100
0.2
2
0
50
60
50
60
120
0.05
5
0.1
0
0
12
123
0
-2
0
12
123
0
0
0
12
123
0
0
0
12
123
0
0
0
12
123
0
0
0
12
123
0
0
0
12
123
0
0.3
-10
0.1
0.008
0.3
140
40
40
1
0.7
0.12
0.96
330
3
20
2.2
2.2
