0.68
0.32
0.2534
0.702
0.1366
0.0526
0.3061
0.3164
0.4166666667
0
10
0
0
0
0
0
1
0.7
1
1
0
1
0
1
1
0
0
0
1
0
0
0
0
0
0
0
0
0
0
0
0
0
0
0
0
0
0
0
0.1
0.1
0.1
0
0.1
0.8
0.7
0
0
0.9375
20
2
1
0
2
0.0625
0.5
0.5
0.5
0.5
3
2500
7016
10000
0.8780226226
0.2203517373
-0.0983743599
0
0.0208566344
0.8032206606
0.0170025299
0
-0.0069177911
-0.0497117889
0.2633675654
0
1
0
0
0
0
1
0
0
0
0
1
0
0.8057171349
-0.0415727157
0.0292646126
0
-0.0040401796
0.8198540272
-0.0055431745
0
0.0018221498
0.0148429358
0.9833349144
0
0
0
0
0
2.4
0
0
0
1
420
200
4000
0.125
1.5
0.33333
2
0
4
0
0
0
1
0
0
0
0
0
0
0
0
0
0
0
0
0
0
0
0
0
0
0
0
0
0
0
0
0
0
0
0
0
0
0
0
0
0
0
0
0
0
0
0
0
0
0
0
0
0
0
0
0
0
0
0
0
0
0
0
0
0
0
0
0
0
0
0
0
0
0
2.4
0
1
0
0.2
1
0.2
1
0.2
0.2
0.3
2
1
2
3
2
0.4
1
0.6
1
0.64
0.33
0.3
0.6
0.15
0.06
0.3061
0.3124
0.4545454545
0
4
2.5
5
2.5
10
2
0.05
1.05
-0.2
1.55
0
1.5
0.1
0.1
90
265
0.35
0.143
-30
14
2
2
-0.5
1.5
0.5
0.9
0
0
0
0
0
0
0
0
0
0
0
0
0
0
0
0
0
0
0
0
0
0
0
0
0
0
0
0
0
0
0
0
0
0
0
0
0
0
0
0
0
0
0
0
0
0
0
1
1
1
1
1
0
0
0
0
0
0
0
0
0
0
0
0
0
0
0
0
0
0
0
0
0
0
0
0
0
0
0
0
0
0
0
0
0
0
0
0
0
0
0
0
0
0
0
0
0
0
0
0
0
0
0
0
0
0
0
0
0
0
0
0
0
0
0
0
0
0
0
0
0
0
0
0
0
0
0
0
0
0
0
0
0
0
0
0
0
0
0
0
0
0
0
0
0
0
0
0
125
10000
1
1
1
0
0
2
0
2
71
81
171
176
241
281
5
0.8
0.1
0.5
0.6
0.5
0.6
1
0
12
123
0
0.8
0.1
0.5
0.6
0.5
0.6
1
0
12
123
0
0.8
0.1
0.5
0.6
0.5
0.6
1
0
12
123
0
0.8
0.1
0.5
0.6
0.5
0.6
1
0
12
123
0
0.8
0.1
0.5
0.6
0.5
0.6
1
0
12
123
0
0.8
0.1
0.5
0.6
0.5
0.6
1
0
12
123
0
0.8
0.1
0.5
0.6
0.5
0.6
1
0
12
123
0
0.5
0
50
50
50
50
120
0.05
10
0
50
60
50
60
120
0.05
10
0
50
50
50
50
120
0.05
10
0
50
50
50
50
120
0.05
10
0
50
50
50
50
120
0.05
10
0
50
50
50
50
120
0.05
10
0
50
50
50
50
120
0.05
10
0.5
0
0
12
123
0
-5
0
12
123
0
0
0
12
123
0
0
0
12
123
0
0
0
12
123
0
0
0
12
123
0
0
0
12
123
0
0.3
-10
0.7
0.12
0.96
120
30
40
1
0.7
0.12
0.96
330
3
20
2.2
2.2
